33
1.380115 90.306399
1.390115 90.216440
1.400115 90.136022
1.410115 90.084302
1.420115 90.070356
1.430115 90.090217
1.440115 90.133781
1.450115 90.190933
1.460115 90.254248
1.470115 90.319282
1.480115 90.383849
1.490115 90.447152
1.500115 90.509108
1.510115 90.569934
1.520115 90.629914
1.530115 90.689306
1.540115 90.748312
1.550115 90.807073
1.560115 90.865684
1.570115 90.924204
1.580115 90.982671
1.590115 91.041107
1.600115 91.099526
1.610115 91.157936
1.620115 91.216340
1.630115 91.274741
1.640115 91.333141
1.650115 91.391540
1.660115 91.449938
1.670115 91.508336
1.680115 91.566734
1.690115 91.625132
1.700115 91.683530
